Sanders2003 0.03 0.03 -1.72 0.02 0.03
Takeuchi2003 0.03 0.03 -1.95 0.20 0.20
Magnelli2011 0.40 0.70 -1.34 0.22 0.11
Magnelli2011 0.70 1.00 -0.96 0.15 0.19 
Magnelli2011 1.00 1.30 -0.89 0.27 0.21 
Magnelli2011 1.30 1.80 -0.91 0.17 0.21 
Magnelli2011 1.80 2.30 -0.89 0.21 0.25 
Magnelli2013 0.40 0.70 -1.22 0.08 0.11
Magnelli2013 0.70 1.00 -1.10 0.10 0.13 
Magnelli2013 1.00 1.30 -0.96 0.13 0.20 
Magnelli2013 1.30 1.80 -0.94 0.13 0.18 
Magnelli2013 1.80 2.30 -0.80 0.18 0.15 
Gruppioni2013 0.00 0.30 -1.64 0.09 0.11
Gruppioni2013 0.30 0.45 -1.42 0.03 0.04 
Gruppioni2013 0.45 0.60 -1.32 0.05 0.05 
Gruppioni2013 0.60 0.80 -1.14 0.06 0.06 
Gruppioni2013 0.80 1.00 -0.94 0.05 0.06 
Gruppioni2013 1.00 1.20 -0.81 0.04 0.05 
Gruppioni2013 1.20 1.70 -0.84 0.04 0.04 
Gruppioni2013 1.70 2.00 -0.86 0.02 0.03 
Gruppioni2013 2.00 2.50 -0.91 0.09 0.12 
Gruppioni2013 2.50 3.00 -0.86 0.15 0.23 
Gruppioni2013 3.00 4.20 -1.36 0.23 0.50 