Wyder2005 0.01 0.1 1.80 -1.82 0.09 0.02
Schiminovich2005 0.2 0.4 1.80 -1.50 0.05 0.05
Schiminovich2005 0.4 0.6 1.80 -1.39 0.15 0.08
Schiminovich2005 0.6 0.8 1.80 -1.20 0.31 0.13
Schiminovich2005 0.8 1.2 1.80 -1.25 0.31 0.13
Robotham&Driver2011  0.05 0.05 1.57 -1.77 0.08 0.09
Cucciati2012 0.05 0.2 1.11 -1.75 0.18 0.18 
Cucciati2012 0.2 0.4 1.35 -1.55 0.12 0.12
Cucciati2012 0.4 0.6 1.64 -1.44 0.10 0.10 
Cucciati2012  0.6 0.8 1.92 -1.24 0.10 0.10
Cucciati2012  0.8 1.0 2.22 -0.99 0.09 0.08 
Cucciati2012  1.0 1.2 2.21 -0.94 0.09 0.09 
Cucciati2012  1.2 1.7 2.17 -0.95 0.15 0.08 
Cucciati2012  1.7 2.5 1.94 -0.75 0.49 0.09 
Cucciati2012  2.5 3.5 1.47 -1.04 0.26 0.15 
Cucciati2012 3.5 4.5 0.97 -1.69 0.22 0.32 
Dahlen2007 0.92 1.33 2.03 -1.02 0.08 0.08
Dahlen2007 1.62 1.88 2.03 -0.75 0.12 0.12 
Dahlen2007 2.08 2.37 2.03 -0.87 0.09 0.09 
ReddySteidel2009 1.9 2.7 1.36 -0.75 0.09 0.11
ReddySteidel2009 2.7 3.4 1.07 -0.97 0.11 0.15 
Bouwens2012ab 3.8 3.8 0.58 -1.29 0.05 0.05
Bouwens2012ab 4.9 4.9 0.44 -1.42 0.06 0.06 
Bouwens2012ab 5.9 5.9 0.20 -1.65 0.08 0.08 
Bouwens2012ab 7.0 7.0 0.10 -1.79 0.10 0.10 
Bouwens2012ab  7.9 7.9 0.0 -2.09 0.11 0.11 